ts_ns,cpu_khz,cpu_min_khz,cpu_max_khz,cpu_governor,gpu_hz,gpu_min_hz,gpu_max_hz,gpu_governor,fan_cur_state,fan_max_state,fan_pwm,temp_cpu_mC,temp_gpu_mC,temp_soc0_mC,temp_soc1_mC,temp_soc2_mC,temp_tj_mC,vdd_in_mW,vdd_cpu_gpu_cv_mW,vdd_soc_mW,ina260_current_A,ina260_voltage_V,ina260_power_W
4893987502847,729600,729600,1728000,schedutil,306000000,306000000,1020000000,nvhost_podgov,0,3,-1,43593,44812,44718,44062,44031,44812,-1,-1,-1,0.39625,19.2662,7.63
4894087711656,729600,729600,1728000,schedutil,306000000,306000000,1020000000,nvhost_podgov,0,3,-1,43562,44718,44656,43968,44031,44781,-1,-1,-1,0.34,19.2825,6.55
4894187821357,729600,729600,1728000,schedutil,306000000,306000000,1020000000,nvhost_podgov,0,3,-1,43531,44937,44625,44031,44031,44937,4784,557,1433,0.34125,19.28,6.58
4894287613546,729600,729600,1728000,schedutil,306000000,306000000,1020000000,nvhost_podgov,0,3,-1,43687,44875,44656,44031,44000,44875,4824,557,1433,0.37375,19.2725,7.21
4894387595180,729600,729600,1728000,schedutil,306000000,306000000,1020000000,nvhost_podgov,0,3,-1,43718,44593,44656,44000,43968,44656,4944,597,1433,0.34125,19.2825,6.58
4894487587566,729600,729600,1728000,schedutil,306000000,306000000,1020000000,nvhost_podgov,0,3,-1,43750,45031,44656,43937,44031,45031,4904,597,1433,0.34,19.2825,6.53
4894587580847,729600,729600,1728000,schedutil,306000000,306000000,1020000000,nvhost_podgov,0,3,-1,43562,44906,44718,44000,44062,44906,4904,597,1433,0.3425,19.2787,6.6
4894687582320,729600,729600,1728000,schedutil,306000000,306000000,1020000000,nvhost_podgov,0,3,-1,43687,44656,44781,44156,43968,44656,4864,597,1433,0.35875,19.2812,6.91
4894787576593,729600,729600,1728000,schedutil,306000000,306000000,1020000000,nvhost_podgov,0,3,-1,43531,44750,44718,44156,44062,44750,4864,597,1433,0.37,19.2787,6.69
4894887588627,729600,729600,1728000,schedutil,306000000,306000000,1020000000,nvhost_podgov,0,3,-1,43593,44687,44718,44093,44031,44718,4864,597,1433,0.34125,19.2838,6.58
4894987706360,729600,729600,1728000,schedutil,306000000,306000000,1020000000,nvhost_podgov,0,3,-1,43562,44718,44562,44062,43937,44718,4824,597,1433,0.38,19.2737,7.26
4895087732346,729600,729600,1728000,schedutil,306000000,306000000,1020000000,nvhost_podgov,0,3,-1,43625,44562,44656,44000,44000,44687,4904,597,1433,0.37625,19.2725,7.26
4895187593111,729600,729600,1728000,schedutil,306000000,306000000,1020000000,nvhost_podgov,0,3,-1,43750,44750,44656,44062,43968,44750,4984,676,1433,0.34,19.2838,6.55
4895287596825,729600,729600,1728000,schedutil,306000000,306000000,1020000000,nvhost_podgov,0,3,-1,43593,44687,44656,44000,44156,44687,4984,676,1433,0.3475,19.2825,6.69
4895387585178,729600,729600,1728000,schedutil,306000000,306000000,1020000000,nvhost_podgov,0,3,-1,43625,44656,44687,44000,44156,44656,4944,636,1433,0.34,19.2812,6.55
4895487587962,729600,729600,1728000,schedutil,306000000,306000000,1020000000,nvhost_podgov,0,3,-1,43687,44781,44687,43968,44093,44781,4896,636,1433,0.33875,19.2825,6.72
4895587566746,729600,729600,1728000,schedutil,306000000,306000000,1020000000,nvhost_podgov,0,3,-1,43531,44718,44687,44062,44125,44718,4904,597,1433,0.3375,19.2812,6.5
4895687789920,729600,729600,1728000,schedutil,306000000,306000000,1020000000,nvhost_podgov,0,3,-1,43593,44906,44718,44156,44125,44906,4856,597,1433,0.36875,19.2763,7.1
4895787793697,729600,729600,1728000,schedutil,306000000,306000000,1020000000,nvhost_podgov,0,3,-1,43531,44718,44625,44062,43968,44718,4856,597,1433,0.3425,19.2838,6.6
4895887584251,729600,729600,1728000,schedutil,306000000,306000000,1020000000,nvhost_podgov,0,3,-1,43593,44656,44656,44000,44031,44718,4856,597,1433,0.3425,19.2775,6.6
4895987590235,729600,729600,1728000,schedutil,306000000,306000000,1020000000,nvhost_podgov,0,3,-1,43750,44843,44750,43937,44062,44843,4816,597,1433,0.34375,19.285,6.63
4896087592380,729600,729600,1728000,schedutil,306000000,306000000,1020000000,nvhost_podgov,0,3,-1,43531,44781,44687,44062,44156,44781,4816,557,1433,0.34125,19.2812,6.63
4896187583900,729600,729600,1728000,schedutil,306000000,306000000,1020000000,nvhost_podgov,0,3,-1,43625,44687,44656,44000,44062,44687,4816,597,1433,0.34375,19.275,6.63
4896287583804,729600,729600,1728000,schedutil,306000000,306000000,1020000000,nvhost_podgov,0,3,-1,43718,44906,44656,43968,44031,44906,4856,597,1433,0.3425,19.2838,6.6
4896387579644,729600,729600,1728000,schedutil,306000000,306000000,1020000000,nvhost_podgov,0,3,-1,43562,44843,44718,44156,44062,44843,4816,557,1433,0.35375,19.27,6.82
4896487578908,729600,729600,1728000,schedutil,306000000,306000000,1020000000,nvhost_podgov,0,3,-1,43656,44625,44718,44093,44031,44875,4816,557,1433,0.35375,19.275,6.82
4896587801025,729600,729600,1728000,schedutil,306000000,306000000,1020000000,nvhost_podgov,0,3,-1,43593,44906,44750,44093,44031,44906,4816,557,1433,0.395,19.275,7.62
4896687791200,729600,729600,1728000,schedutil,306000000,306000000,1020000000,nvhost_podgov,0,3,-1,43562,44843,44750,44031,44000,44843,4816,557,1433,0.36,19.2763,6.94
4896787589721,729600,729600,1728000,schedutil,306000000,306000000,1020000000,nvhost_podgov,0,3,-1,43500,44593,44656,44000,44000,44656,4816,557,1433,0.355,19.2787,6.99
4896887586872,729600,729600,1728000,schedutil,306000000,306000000,1020000000,nvhost_podgov,0,3,-1,43562,44656,44656,43937,43968,44687,4776,557,1433,0.38875,19.2675,7.49
4896987581399,729600,729600,1728000,schedutil,306000000,306000000,1020000000,nvhost_podgov,0,3,-1,43687,44906,44656,44031,44125,44906,4776,557,1433,0.36125,19.2763,6.96
4897087583798,729600,729600,1728000,schedutil,306000000,306000000,1020000000,nvhost_podgov,0,3,-1,43812,44687,44625,44000,44062,44687,4776,557,1433,0.36375,19.2787,6.85
4897187575797,729600,729600,1728000,schedutil,306000000,306000000,1020000000,nvhost_podgov,0,3,-1,43625,44625,44718,44093,44093,44625,4776,557,1433,0.365,19.2775,7.03
4897287586036,729600,729600,1728000,schedutil,306000000,306000000,1020000000,nvhost_podgov,0,3,-1,43593,44906,44718,44125,44000,44906,4824,557,1433,0.36125,19.275,6.96
4897387573427,729600,729600,1728000,schedutil,306000000,306000000,1020000000,nvhost_podgov,0,3,-1,43593,44656,44750,44062,43968,44843,4784,557,1433,0.3625,19.2763,7.01
4897487583474,729600,729600,1728000,schedutil,306000000,306000000,1020000000,nvhost_podgov,0,3,-1,43562,44656,44687,44093,44031,44750,4784,557,1433,0.3875,19.2775,7.49
4897587578736,729600,729600,1728000,schedutil,306000000,306000000,1020000000,nvhost_podgov,0,3,-1,43500,44718,44656,44031,44031,44718,4784,557,1433,0.36375,19.28,7.01
4897687584270,729600,729600,1728000,schedutil,306000000,306000000,1020000000,nvhost_podgov,0,3,-1,43531,44687,44687,44000,44031,44687,4776,557,1433,0.3625,19.28,6.87
4897787591404,729600,729600,1728000,schedutil,306000000,306000000,1020000000,nvhost_podgov,0,3,-1,43687,44625,44656,43968,44156,44718,4776,557,1433,0.365,19.2787,6.91
4897887581866,729600,729600,1728000,schedutil,306000000,306000000,1020000000,nvhost_podgov,0,3,-1,43781,44781,44625,44031,44031,44781,4784,557,1433,0.3525,19.275,6.8
4897987587496,729600,729600,1728000,schedutil,306000000,306000000,1020000000,nvhost_podgov,0,3,-1,43562,44687,44781,44156,44062,44687,4784,557,1433,0.36125,19.2763,6.96
4898087580357,729600,729600,1728000,schedutil,306000000,306000000,1020000000,nvhost_podgov,0,3,-1,43593,44718,44750,44187,44000,44906,4776,557,1433,0.41,19.275,7.9
